AÑO;MES;DIA;HORA;VERANO(1)/INVIERNO(0);COEF. PERFIL P2.0TD;COEF. PERFIL P3.0TD;COEF. PERFIL P3.0TDVE;RESERVADO;
2021;06;01;1;1;0.000091665141;0.000095613792;0.000086975341;;
2021;06;01;2;1;0.000076644945;0.000090708967;0.000063100341;;
2021;06;01;3;1;0.000068377561;0.000087896131;0.000048962084;;
2021;06;01;4;1;0.000064330203;0.000086508231;0.000032031923;;
2021;06;01;5;1;0.000062596030;0.000086522422;0.000031455155;;
2021;06;01;6;1;0.000062993068;0.000088666555;0.000027332011;;
2021;06;01;7;1;0.000066282251;0.000092010904;0.000026376210;;
2021;06;01;8;1;0.000076410478;0.000102134855;0.000052293778;;
2021;06;01;9;1;0.000090583131;0.000132598731;0.000102857767;;
2021;06;01;10;1;0.000099337431;0.000153227383;0.000175649655;;
2021;06;01;11;1;0.000105776720;0.000163510158;0.000252779884;;
2021;06;01;12;1;0.000108449966;0.000168144526;0.000231710143;;
2021;06;01;13;1;0.000113521391;0.000171513772;0.000233197001;;
2021;06;01;14;1;0.000122058023;0.000165087063;0.000237338122;;
2021;06;01;15;1;0.000121821500;0.000149764892;0.000238682201;;
2021;06;01;16;1;0.000111399124;0.000142964652;0.000264557655;;
2021;06;01;17;1;0.000106163501;0.000142569811;0.000261819678;;
2021;06;01;18;1;0.000106975402;0.000143264765;0.000246457010;;
2021;06;01;19;1;0.000107977884;0.000138914678;0.000255798798;;
2021;06;01;20;1;0.000110308499;0.000132365653;0.000236409541;;
2021;06;01;21;1;0.000117815747;0.000123686828;0.000250201634;;
2021;06;01;22;1;0.000130789386;0.000117965922;0.000217344363;;
2021;06;01;23;1;0.000133069864;0.000115557306;0.000171440226;;
2021;06;01;24;1;0.000113146493;0.000104867440;0.000122230589;;
2021;06;02;1;1;0.000092347052;0.000096253358;0.000087384981;;
2021;06;02;2;1;0.000077180905;0.000091298505;0.000063397534;;
2021;06;02;3;1;0.000068603855;0.000088328921;0.000049192689;;
2021;06;02;4;1;0.000064557217;0.000086942310;0.000032182789;;
2021;06;02;5;1;0.000062766022;0.000086926557;0.000031603304;;
2021;06;02;6;1;0.000063345283;0.000089189304;0.000027460740;;
2021;06;02;7;1;0.000066666442;0.000092561430;0.000026500438;;
2021;06;02;8;1;0.000076904010;0.000102775037;0.000052540074;;
2021;06;02;9;1;0.000090858892;0.000133236608;0.000103342212;;
2021;06;02;10;1;0.000099198687;0.000153674428;0.000176476938;;
2021;06;02;11;1;0.000105410690;0.000163844150;0.000253970439;;
2021;06;02;12;1;0.000108041358;0.000168467039;0.000232801462;;
2021;06;02;13;1;0.000113189654;0.000171903995;0.000234295324;;
2021;06;02;14;1;0.000122323568;0.000165820703;0.000238455949;;
2021;06;02;15;1;0.000122454411;0.000150622599;0.000239806358;;
2021;06;02;16;1;0.000112179807;0.000143893006;0.000265803682;;
2021;06;02;17;1;0.000107122720;0.000143617386;0.000263052809;;
2021;06;02;18;1;0.000107999750;0.000144350649;0.000247617785;;
2021;06;02;19;1;0.000108929715;0.000139922342;0.000257003572;;
2021;06;02;20;1;0.000111131570;0.000133250472;0.000237522995;;
2021;06;02;21;1;0.000118426331;0.000124394467;0.000251380046;;
2021;06;02;22;1;0.000131041686;0.000118477401;0.000218368023;;
2021;06;02;23;1;0.000133684510;0.000116191009;0.000172247684;;
2021;06;02;24;1;0.000113567069;0.000105402086;0.000122806276;;
2021;06;03;1;1;0.000092785381;0.000096241231;0.000087114676;;
2021;06;03;2;1;0.000077317122;0.000091170716;0.000063201428;;
2021;06;03;3;1;0.000068826683;0.000088260609;0.000049040522;;
2021;06;03;4;1;0.000064682422;0.000086826449;0.000032083238;;
2021;06;03;5;1;0.000062876758;0.000086804071;0.000031505547;;
2021;06;03;6;1;0.000063268998;0.000088950854;0.000027375797;;
2021;06;03;7;1;0.000066475599;0.000092248738;0.000026418465;;
2021;06;03;8;1;0.000076515564;0.000102331895;0.000052377554;;
2021;06;03;9;1;0.000090196822;0.000132535218;0.000103022546;;
2021;06;03;10;1;0.000098576103;0.000152932734;0.000175931047;;
2021;06;03;11;1;0.000105141791;0.000163312351;0.000253184840;;
2021;06;03;12;1;0.000107895578;0.000168005710;0.000232081345;;
2021;06;03;13;1;0.000112759708;0.000171255373;0.000233570585;;
2021;06;03;14;1;0.000121750096;0.000165132408;0.000237718340;;
2021;06;03;15;1;0.000122074774;0.000150098596;0.000239064572;;
2021;06;03;16;1;0.000111942226;0.000143452373;0.000264981479;;
2021;06;03;17;1;0.000106843312;0.000143147754;0.000262239115;;
2021;06;03;18;1;0.000107281197;0.000143631069;0.000246851836;;
2021;06;03;19;1;0.000108259067;0.000139254772;0.000256208590;;
2021;06;03;20;1;0.000110333448;0.000132556651;0.000236788272;;
2021;06;03;21;1;0.000117820950;0.000123855556;0.000250602460;;
2021;06;03;22;1;0.000130772739;0.000118117971;0.000217692551;;
2021;06;03;23;1;0.000133594577;0.000115907155;0.000171714875;;
2021;06;03;24;1;0.000113712887;0.000105231959;0.000122426403;;
2021;06;04;1;1;0.000093284594;0.000097510735;0.000102895215;;
2021;06;04;2;1;0.000078287716;0.000091572347;0.000063920749;;
2021;06;04;3;1;0.000069121963;0.000088486031;0.000048866078;;
2021;06;04;4;1;0.000064693783;0.000086758893;0.000029279695;;
2021;06;04;5;1;0.000062716729;0.000086730058;0.000024277024;;
2021;06;04;6;1;0.000063141729;0.000088844007;0.000028152600;;
2021;06;04;7;1;0.000066511037;0.000092272397;0.000035030361;;
2021;06;04;8;1;0.000076998744;0.000103185560;0.000056691591;;
2021;06;04;9;1;0.000091007102;0.000134295444;0.000114233242;;
2021;06;04;10;1;0.000099523017;0.000155432789;0.000181953746;;
2021;06;04;11;1;0.000105882956;0.000165651412;0.000258600613;;
2021;06;04;12;1;0.000108476690;0.000170774463;0.000308068878;;
2021;06;04;13;1;0.000112822436;0.000173909282;0.000259417138;;
2021;06;04;14;1;0.000121222289;0.000168108522;0.000249637798;;
2021;06;04;15;1;0.000122046682;0.000151373975;0.000235159068;;
2021;06;04;16;1;0.000112622393;0.000141673502;0.000214289576;;
2021;06;04;17;1;0.000107644622;0.000139842396;0.000249648005;;
2021;06;04;18;1;0.000108099436;0.000139256163;0.000211657742;;
2021;06;04;19;1;0.000108155154;0.000136508336;0.000187497364;;
2021;06;04;20;1;0.000108390102;0.000132172143;0.000200551550;;
2021;06;04;21;1;0.000111511740;0.000126096295;0.000193975612;;
2021;06;04;22;1;0.000122203553;0.000122309218;0.000196734298;;
2021;06;04;23;1;0.000127601994;0.000122365630;0.000189360790;;
2021;06;04;24;1;0.000112604482;0.000112353156;0.000130362518;;
2021;06;05;1;1;0.000095443777;0.000102159624;0.000104609368;;
2021;06;05;2;1;0.000081118543;0.000093881160;0.000050056605;;
2021;06;05;3;1;0.000071537040;0.000089637995;0.000049930669;;
2021;06;05;4;1;0.000066336597;0.000087456866;0.000039873261;;
2021;06;05;5;1;0.000063735681;0.000086999751;0.000036214439;;
2021;06;05;6;1;0.000063071145;0.000087557132;0.000032875813;;
2021;06;05;7;1;0.000062245509;0.000085165964;0.000026139614;;
2021;06;05;8;1;0.000064037338;0.000082045403;0.000024878922;;
2021;06;05;9;1;0.000078394519;0.000093538116;0.000046328116;;
2021;06;05;10;1;0.000096342329;0.000106231469;0.000083718844;;
2021;06;05;11;1;0.000109071608;0.000118196150;0.000105809772;;
2021;06;05;12;1;0.000113477737;0.000123382205;0.000151733287;;
2021;06;05;13;1;0.000116198152;0.000126423459;0.000151859222;;
2021;06;05;14;1;0.000123810462;0.000123695738;0.000170762916;;
2021;06;05;15;1;0.000123763417;0.000116135428;0.000155209905;;
2021;06;05;16;1;0.000110231434;0.000112314781;0.000149382048;;
2021;06;05;17;1;0.000102179172;0.000109766881;0.000168133011;;
2021;06;05;18;1;0.000099803246;0.000109447532;0.000125465058;;
2021;06;05;19;1;0.000100274386;0.000109755527;0.000138173806;;
2021;06;05;20;1;0.000100943872;0.000112342468;0.000146895496;;
2021;06;05;21;1;0.000105006827;0.000114261531;0.000131524690;;
2021;06;05;22;1;0.000116426333;0.000115342600;0.000174402982;;
2021;06;05;23;1;0.000122681649;0.000117950785;0.000161891175;;
2021;06;05;24;1;0.000109971881;0.000109355206;0.000119322362;;
2021;06;06;1;1;0.000094837299;0.000098771452;0.000098072835;;
2021;06;06;2;1;0.000081635441;0.000090781947;0.000067976150;;
2021;06;06;3;1;0.000072113969;0.000086518741;0.000045348736;;
2021;06;06;4;1;0.000066600474;0.000084955902;0.000038964459;;
2021;06;06;5;1;0.000063596831;0.000084250219;0.000037833233;;
2021;06;06;6;1;0.000062487435;0.000084476899;0.000036265697;;
2021;06;06;7;1;0.000060640572;0.000081431353;0.000023632948;;
2021;06;06;8;1;0.000060323277;0.000073915328;0.000029102709;;
2021;06;06;9;1;0.000071432552;0.000079019908;0.000058320996;;
2021;06;06;10;1;0.000089144260;0.000086231550;0.000050275276;;
2021;06;06;11;1;0.000104323890;0.000092428982;0.000067700205;;
2021;06;06;12;1;0.000111513959;0.000097290475;0.000109247848;;
2021;06;06;13;1;0.000115046447;0.000101202806;0.000128240312;;
2021;06;06;14;1;0.000122018527;0.000102177180;0.000173960344;;
2021;06;06;15;1;0.000122094211;0.000100410091;0.000151361825;;
2021;06;06;16;1;0.000108114482;0.000097061416;0.000152422259;;
2021;06;06;17;1;0.000100241748;0.000093389958;0.000110175366;;
2021;06;06;18;1;0.000098512407;0.000090652148;0.000094056476;;
2021;06;06;19;1;0.000100797336;0.000090502210;0.000119491007;;
2021;06;06;20;1;0.000104187978;0.000092459472;0.000140458422;;
2021;06;06;21;1;0.000111572607;0.000095146754;0.000149258293;;
2021;06;06;22;1;0.000125517083;0.000100498253;0.000159634368;;
2021;06;06;23;1;0.000130113561;0.000105896963;0.000157444153;;
2021;06;06;24;1;0.000112389147;0.000098334046;0.000111800691;;
2021;06;07;1;1;0.000093108972;0.000093984843;0.000071006956;;
2021;06;07;2;1;0.000077787536;0.000088907624;0.000042800585;;
2021;06;07;3;1;0.000068977677;0.000086545526;0.000027611731;;
2021;06;07;4;1;0.000065001685;0.000085205502;0.000016273022;;
2021;06;07;5;1;0.000063137095;0.000085175600;0.000026764819;;
2021;06;07;6;1;0.000063295500;0.000087663929;0.000018010393;;
2021;06;07;7;1;0.000066189319;0.000090882558;0.000031295197;;
2021;06;07;8;1;0.000075582206;0.000101248940;0.000042263006;;
2021;06;07;9;1;0.000089662200;0.000133361583;0.000091868919;;
2021;06;07;10;1;0.000099105862;0.000154574176;0.000177395009;;
2021;06;07;11;1;0.000106158418;0.000164647961;0.000265193045;;
2021;06;07;12;1;0.000109350153;0.000168873913;0.000262336970;;
2021;06;07;13;1;0.000114475752;0.000171891238;0.000240152083;;
2021;06;07;14;1;0.000124178958;0.000165776829;0.000250256462;;
2021;06;07;15;1;0.000125242493;0.000150752174;0.000254644187;;
2021;06;07;16;1;0.000114633952;0.000144029885;0.000229082163;;
2021;06;07;17;1;0.000109002526;0.000143860752;0.000257788573;;
2021;06;07;18;1;0.000109578355;0.000145244158;0.000256926645;;
2021;06;07;19;1;0.000110659479;0.000140059638;0.000229203794;;
2021;06;07;20;1;0.000113303618;0.000132711387;0.000227597064;;
2021;06;07;21;1;0.000121441853;0.000123464370;0.000221598105;;
2021;06;07;22;1;0.000134892478;0.000117482188;0.000256030179;;
2021;06;07;23;1;0.000137139269;0.000115408962;0.000169906446;;
2021;06;07;24;1;0.000115852903;0.000105191788;0.000118554153;;
2021;06;08;1;1;0.000094546541;0.000099339512;0.000090030393;;
2021;06;08;2;1;0.000078802647;0.000094115342;0.000065316772;;
2021;06;08;3;1;0.000070074806;0.000091070931;0.000050681902;;
2021;06;08;4;1;0.000065948171;0.000089645286;0.000033157060;;
2021;06;08;5;1;0.000064081352;0.000089607175;0.000032560033;;
2021;06;08;6;1;0.000064496314;0.000091833587;0.000028292061;;
2021;06;08;7;1;0.000067722098;0.000095212846;0.000027302687;;
2021;06;08;8;1;0.000078173546;0.000105747536;0.000054130624;;
2021;06;08;9;1;0.000092468842;0.000137159681;0.000106470698;;
2021;06;08;10;1;0.000101117945;0.000158308515;0.000181819437;;
2021;06;08;11;1;0.000107752629;0.000168986590;0.000261658904;;
2021;06;08;12;1;0.000110758738;0.000173965389;0.000239849077;;
2021;06;08;13;1;0.000116212282;0.000177628267;0.000241388163;;
2021;06;08;14;1;0.000125751209;0.000171435819;0.000245674742;;
2021;06;08;15;1;0.000126166377;0.000155871275;0.000247066033;;
2021;06;08;16;1;0.000115774247;0.000149012782;0.000273850375;;
2021;06;08;17;1;0.000110790952;0.000148861755;0.000271016225;;
2021;06;08;18;1;0.000111428648;0.000149468899;0.000255113935;;
2021;06;08;19;1;0.000112584362;0.000144990161;0.000264783859;;
2021;06;08;20;1;0.000114570548;0.000137929001;0.000244713545;;
2021;06;08;21;1;0.000121698736;0.000128586387;0.000258990092;;
2021;06;08;22;1;0.000134129975;0.000122263787;0.000224978693;;
2021;06;08;23;1;0.000136970672;0.000119954673;0.000177462150;;
2021;06;08;24;1;0.000116855575;0.000109014152;0.000126523999;;
2021;06;09;1;1;0.000095896274;0.000100943118;0.000091291208;;
2021;06;09;2;1;0.000080079055;0.000095711987;0.000066231490;;
2021;06;09;3;1;0.000071194066;0.000092606677;0.000051391668;;
2021;06;09;4;1;0.000066843368;0.000091065141;0.000033621403;;
2021;06;09;5;1;0.000064935780;0.000091017149;0.000033016015;;
2021;06;09;6;1;0.000065414318;0.000093313526;0.000028688273;;
2021;06;09;7;1;0.000068508759;0.000096641380;0.000027685043;;
2021;06;09;8;1;0.000078919343;0.000107240571;0.000054888687;;
2021;06;09;9;1;0.000093193953;0.000138996919;0.000107961748;;
2021;06;09;10;1;0.000102100726;0.000160556221;0.000184365696;;
2021;06;09;11;1;0.000108976791;0.000171503740;0.000265323261;;
2021;06;09;12;1;0.000112159566;0.000176651598;0.000243208003;;
2021;06;09;13;1;0.000117545829;0.000180282684;0.000244768642;;
2021;06;09;14;1;0.000127276831;0.000174045567;0.000249115252;;
2021;06;09;15;1;0.000127696687;0.000158243946;0.000250526027;;
2021;06;09;16;1;0.000117293996;0.000151344510;0.000277685466;;
2021;06;09;17;1;0.000112150756;0.000151136889;0.000274811625;;
2021;06;09;18;1;0.000112850465;0.000151784366;0.000258686635;;
2021;06;09;19;1;0.000113688670;0.000147053637;0.000268491979;;
2021;06;09;20;1;0.000115873525;0.000139984025;0.000248140594;;
2021;06;09;21;1;0.000122967293;0.000130450172;0.000262617075;;
2021;06;09;22;1;0.000135559680;0.000124048223;0.000228129369;;
2021;06;09;23;1;0.000138631347;0.000121780393;0.000179947388;;
2021;06;09;24;1;0.000118167278;0.000110631382;0.000128295883;;
2021;06;10;1;1;0.000096764287;0.000102199470;0.000092392298;;
2021;06;10;2;1;0.000080576225;0.000096786450;0.000067030327;;
2021;06;10;3;1;0.000071846864;0.000093764094;0.000052011518;;
2021;06;10;4;1;0.000067551870;0.000092258989;0.000034026920;;
2021;06;10;5;1;0.000065667917;0.000092236561;0.000033414230;;
2021;06;10;6;1;0.000066042806;0.000094497467;0.000029034290;;
2021;06;10;7;1;0.000069340243;0.000097971302;0.000028018960;;
2021;06;10;8;1;0.000079804514;0.000108674547;0.000055550715;;
2021;06;10;9;1;0.000094180029;0.000140817976;0.000109263906;;
2021;06;10;10;1;0.000103177868;0.000162657580;0.000186589384;;
2021;06;10;11;1;0.000109880819;0.000173584581;0.000268523401;;
2021;06;10;12;1;0.000113061745;0.000178775994;0.000246141404;;
2021;06;10;13;1;0.000118563691;0.000182497593;0.000247720867;;
2021;06;10;14;1;0.000128306716;0.000176141449;0.000252119902;;
2021;06;10;15;1;0.000129216131;0.000160406361;0.000253547693;;
2021;06;10;16;1;0.000118924020;0.000153541731;0.000281034710;;
2021;06;10;17;1;0.000113711101;0.000153332037;0.000278126207;;
2021;06;10;18;1;0.000114493013;0.000154030688;0.000261806728;;
2021;06;10;19;1;0.000115223606;0.000149163176;0.000271730338;;
2021;06;10;20;1;0.000117270204;0.000141905900;0.000251133488;;
2021;06;10;21;1;0.000124107352;0.000132086524;0.000265784574;;
2021;06;10;22;1;0.000136735271;0.000125572633;0.000230880902;;
2021;06;10;23;1;0.000139702333;0.000123226939;0.000182117785;;
2021;06;10;24;1;0.000119143049;0.000111970974;0.000129843296;;
2021;06;11;1;1;0.000097451988;0.000103453473;0.000108868744;;
2021;06;11;2;1;0.000081769759;0.000097145295;0.000067631635;;
2021;06;11;3;1;0.000072098098;0.000093816927;0.000051702973;;
2021;06;11;4;1;0.000067434848;0.000091960347;0.000030979513;;
2021;06;11;5;1;0.000065309683;0.000091891795;0.000025686414;;
2021;06;11;6;1;0.000065685601;0.000094092086;0.000029786984;;
2021;06;11;7;1;0.000068977276;0.000097595433;0.000037064030;;
2021;06;11;8;1;0.000079768020;0.000109086549;0.000059982792;;
2021;06;11;9;1;0.000094647530;0.000142210757;0.000120864993;;
2021;06;11;10;1;0.000103876319;0.000164846431;0.000192516976;;
2021;06;11;11;1;0.000110720719;0.000175823106;0.000273613538;;
2021;06;11;12;1;0.000113752213;0.000181476391;0.000325953657;;
2021;06;11;13;1;0.000118779692;0.000185118291;0.000274477465;;
2021;06;11;14;1;0.000127962563;0.000179146135;0.000264130391;;
2021;06;11;15;1;0.000129147361;0.000161481931;0.000248811106;;
2021;06;11;16;1;0.000119570251;0.000151345735;0.000226730046;;
2021;06;11;17;1;0.000114416933;0.000149461648;0.000264141190;;
2021;06;11;18;1;0.000114573076;0.000148655596;0.000223945423;;
2021;06;11;19;1;0.000114535337;0.000145668349;0.000198382427;;
2021;06;11;20;1;0.000114502175;0.000140894431;0.000212194467;;
2021;06;11;21;1;0.000117018122;0.000134038811;0.000205236765;;
2021;06;11;22;1;0.000127428531;0.000129663937;0.000208155606;;
2021;06;11;23;1;0.000133023503;0.000129708439;0.000200354033;;
2021;06;11;24;1;0.000117720362;0.000119238956;0.000137930646;;
2021;06;12;1;1;0.000099834777;0.000109301528;0.000111879360;;
2021;06;12;2;1;0.000085065318;0.000100552790;0.000053535367;;
2021;06;12;3;1;0.000075284454;0.000096154582;0.000053400680;;
2021;06;12;4;1;0.000069723825;0.000093764863;0.000042644316;;
2021;06;12;5;1;0.000067128693;0.000093357104;0.000038731218;;
2021;06;12;6;1;0.000066451727;0.000093969213;0.000035160570;;
2021;06;12;7;1;0.000065466382;0.000091334304;0.000027956228;;
2021;06;12;8;1;0.000067490593;0.000088066306;0.000026607921;;
2021;06;12;9;1;0.000082702621;0.000100444102;0.000049547761;;
2021;06;12;10;1;0.000101801817;0.000114153049;0.000089537017;;
2021;06;12;11;1;0.000114979408;0.000126882167;0.000113163189;;
2021;06;12;12;1;0.000119348596;0.000132319929;0.000162278231;;
2021;06;12;13;1;0.000122664487;0.000135795253;0.000162412918;;
2021;06;12;14;1;0.000130842906;0.000132926525;0.000182630353;;
2021;06;12;15;1;0.000131021291;0.000124894404;0.000165996462;;
2021;06;12;16;1;0.000117640452;0.000121199451;0.000159763589;;
2021;06;12;17;1;0.000109346201;0.000118587556;0.000179817680;;
2021;06;12;18;1;0.000107197760;0.000118426460;0.000134184450;;
2021;06;12;19;1;0.000107598285;0.000118710043;0.000147776412;;
2021;06;12;20;1;0.000108426479;0.000121560468;0.000157104230;;
2021;06;12;21;1;0.000112028621;0.000123282987;0.000140665205;;
2021;06;12;22;1;0.000122995806;0.000123931344;0.000186523392;;
2021;06;12;23;1;0.000129398512;0.000126647755;0.000173142057;;
2021;06;12;24;1;0.000116389776;0.000117589428;0.000127614858;;
2021;06;13;1;1;0.000101058026;0.000107035627;0.000105622477;;
2021;06;13;2;1;0.000086970769;0.000098368264;0.000073208950;;
2021;06;13;3;1;0.000076977856;0.000093826941;0.000048839679;;
2021;06;13;4;1;0.000070988057;0.000092074587;0.000041963941;;
2021;06;13;5;1;0.000067676506;0.000091246768;0.000040745633;;
2021;06;13;6;1;0.000066421787;0.000091448864;0.000039057429;;
2021;06;13;7;1;0.000064509190;0.000088181244;0.000025452212;;
2021;06;13;8;1;0.000064099626;0.000080004215;0.000031343034;;
2021;06;13;9;1;0.000075946902;0.000085549781;0.000062810544;;
2021;06;13;10;1;0.000094222715;0.000093125062;0.000054145465;;
2021;06;13;11;1;0.000110212038;0.000099796477;0.000072911764;;
2021;06;13;12;1;0.000118270463;0.000105220376;0.000117657742;;
2021;06;13;13;1;0.000122452199;0.000109616992;0.000138112246;;
2021;06;13;14;1;0.000129898071;0.000110681370;0.000187351803;;
2021;06;13;15;1;0.000130439156;0.000108931038;0.000163013651;;
2021;06;13;16;1;0.000115884508;0.000105445266;0.000164155718;;
2021;06;13;17;1;0.000107784591;0.000101591979;0.000118656661;;
2021;06;13;18;1;0.000106143713;0.000098699728;0.000101296939;;
2021;06;13;19;1;0.000108375579;0.000098448331;0.000128689419;;
2021;06;13;20;1;0.000111711897;0.000100459562;0.000151270905;;
2021;06;13;21;1;0.000118922287;0.000103119089;0.000160748190;;
2021;06;13;22;1;0.000132873094;0.000108602342;0.000171923014;;
2021;06;13;23;1;0.000137312381;0.000114283359;0.000169564196;;
2021;06;13;24;1;0.000118923573;0.000106242441;0.000120407103;;
2021;06;14;1;1;0.000098028052;0.000100980911;0.000076164681;;
2021;06;14;2;1;0.000082196896;0.000095674761;0.000045909487;;
2021;06;14;3;1;0.000073108549;0.000093253030;0.000029617361;;
2021;06;14;4;1;0.000068836058;0.000091776067;0.000017455044;;
2021;06;14;5;1;0.000066710931;0.000091656303;0.000028708932;;
2021;06;14;6;1;0.000066908488;0.000094352791;0.000019318612;;
2021;06;14;7;1;0.000070145301;0.000097921823;0.000033568383;;
2021;06;14;8;1;0.000080001640;0.000109034388;0.000045332860;;
2021;06;14;9;1;0.000094383359;0.000143281003;0.000098541993;;
2021;06;14;10;1;0.000104751831;0.000166360134;0.000190280432;;
2021;06;14;11;1;0.000112812167;0.000177606531;0.000284455845;;
2021;06;14;12;1;0.000116513006;0.000182369924;0.000281392314;;
2021;06;14;13;1;0.000122144365;0.000185738448;0.000257595985;;
2021;06;14;14;1;0.000132468817;0.000179115934;0.000268434315;;
2021;06;14;15;1;0.000133861060;0.000163017479;0.000273140751;;
2021;06;14;16;1;0.000122812406;0.000155905429;0.000245721981;;
2021;06;14;17;1;0.000116937954;0.000155812573;0.000276513535;;
2021;06;14;18;1;0.000117301107;0.000157165980;0.000275588999;;
2021;06;14;19;1;0.000117919893;0.000151260642;0.000245852447;;
2021;06;14;20;1;0.000120493359;0.000143201376;0.000244129009;;
2021;06;14;21;1;0.000128987518;0.000133152932;0.000237694303;;
2021;06;14;22;1;0.000142452866;0.000126391927;0.000274627417;;
2021;06;14;23;1;0.000144409075;0.000124007519;0.000182247923;;
2021;06;14;24;1;0.000122141219;0.000113088057;0.000127165558;;
2021;06;15;1;1;0.000098577732;0.000105125772;0.000095089339;;
2021;06;15;2;1;0.000082331118;0.000099684532;0.000068987022;;
2021;06;15;3;1;0.000073237675;0.000096474431;0.000053529796;;
2021;06;15;4;1;0.000068803823;0.000094893462;0.000035020207;;
2021;06;15;5;1;0.000066807607;0.000094824143;0.000034389632;;
2021;06;15;6;1;0.000067248977;0.000097186200;0.000029881836;;
2021;06;15;7;1;0.000070726819;0.000100831442;0.000028836867;;
2021;06;15;8;1;0.000081621593;0.000111975424;0.000057172306;;
2021;06;15;9;1;0.000096603050;0.000145272975;0.000112453450;;
2021;06;15;10;1;0.000106325972;0.000168134356;0.000192036151;;
2021;06;15;11;1;0.000113545092;0.000179637721;0.000276361919;;
2021;06;15;12;1;0.000116631139;0.000184875285;0.000253326566;;
2021;06;15;13;1;0.000122124119;0.000188605149;0.000254952135;;
2021;06;15;14;1;0.000132183735;0.000182051346;0.000259479583;;
2021;06;15;15;1;0.000132500968;0.000165460401;0.000260949053;;
2021;06;15;16;1;0.000121919399;0.000158364085;0.000289238449;;
2021;06;15;17;1;0.000116803700;0.000158280080;0.000286245043;;
2021;06;15;18;1;0.000117257322;0.000158799351;0.000269449180;;
2021;06;15;19;1;0.000118402689;0.000154001431;0.000279662471;;
2021;06;15;20;1;0.000120143044;0.000146320819;0.000258464375;;
2021;06;15;21;1;0.000127284094;0.000136258000;0.000273543143;;
2021;06;15;22;1;0.000140178673;0.000129516185;0.000237620591;;
2021;06;15;23;1;0.000142523618;0.000126832912;0.000187434021;;
2021;06;15;24;1;0.000121645196;0.000115286737;0.000133633577;;
2021;06;16;1;1;0.000098516273;0.000104372313;0.000094189280;;
2021;06;16;2;1;0.000082085202;0.000098869929;0.000068334031;;
2021;06;16;3;1;0.000073209978;0.000095792257;0.000053023115;;
2021;06;16;4;1;0.000068711821;0.000094183475;0.000034688726;;
2021;06;16;5;1;0.000066724172;0.000094117784;0.000034064120;;
2021;06;16;6;1;0.000067208337;0.000096487806;0.000029598992;;
2021;06;16;7;1;0.000070774611;0.000100161314;0.000028563914;;
2021;06;16;8;1;0.000081555457;0.000111162141;0.000056631147;;
2021;06;16;9;1;0.000096385975;0.000144129809;0.000111389032;;
2021;06;16;10;1;0.000105782426;0.000166607594;0.000190218450;;
2021;06;16;11;1;0.000112776907;0.000177880874;0.000273746041;;
2021;06;16;12;1;0.000115820852;0.000183052951;0.000250928726;;
2021;06;16;13;1;0.000121034928;0.000186588808;0.000252538908;;
2021;06;16;14;1;0.000130860485;0.000180020461;0.000257023503;;
2021;06;16;15;1;0.000131221150;0.000163638775;0.000258479064;;
2021;06;16;16;1;0.000120648753;0.000156569057;0.000286500688;;
2021;06;16;17;1;0.000115499646;0.000156435789;0.000283535617;;
2021;06;16;18;1;0.000116058404;0.000157012735;0.000266898733;;
2021;06;16;19;1;0.000116857047;0.000152083861;0.000277015351;;
2021;06;16;20;1;0.000118575306;0.000144499884;0.000256017904;;
2021;06;16;21;1;0.000125717300;0.000134605467;0.000270953945;;
2021;06;16;22;1;0.000138205799;0.000127848878;0.000235371415;;
2021;06;16;23;1;0.000140686915;0.000125262917;0.000185659881;;
2021;06;16;24;1;0.000119773490;0.000113737951;0.000132368681;;
2021;06;17;1;1;0.000096353676;0.000100848773;0.000090951496;;
2021;06;17;2;1;0.000080413924;0.000095598487;0.000065985030;;
2021;06;17;3;1;0.000071612240;0.000092562814;0.000051200430;;
2021;06;17;4;1;0.000067318497;0.000091069168;0.000033496291;;
2021;06;17;5;1;0.000065345146;0.000090989587;0.000032893156;;
2021;06;17;6;1;0.000065794596;0.000093264937;0.000028581518;;
2021;06;17;7;1;0.000069033239;0.000096665562;0.000027582022;;
2021;06;17;8;1;0.000079504256;0.000107257301;0.000054684436;;
2021;06;17;9;1;0.000094130057;0.000139173017;0.000107560003;;
2021;06;17;10;1;0.000103201975;0.000160807750;0.000183679637;;
2021;06;17;11;1;0.000109745125;0.000171501904;0.000264335943;;
2021;06;17;12;1;0.000112635170;0.000176440448;0.000242302980;;
2021;06;17;13;1;0.000117583584;0.000179769320;0.000243857812;;
2021;06;17;14;1;0.000126566033;0.000173114896;0.000248188248;;
2021;06;17;15;1;0.000126017172;0.000156887474;0.000249593773;;
2021;06;17;16;1;0.000115824483;0.000150087668;0.000276652147;;
2021;06;17;17;1;0.000110373695;0.000149668972;0.000273789000;;
2021;06;17;18;1;0.000111059081;0.000150307783;0.000257724014;;
2021;06;17;19;1;0.000112338826;0.000145875040;0.000267492870;;
2021;06;17;20;1;0.000114413322;0.000138818472;0.000247217216;;
2021;06;17;21;1;0.000121879673;0.000129572147;0.000261639827;;
2021;06;17;22;1;0.000134571690;0.000123295217;0.000227280456;;
2021;06;17;23;1;0.000137380590;0.000120949299;0.000179277771;;
2021;06;17;24;1;0.000117001900;0.000109837601;0.000127818470;;
2021;06;18;1;1;0.000095317757;0.000100837668;0.000106449726;;
2021;06;18;2;1;0.000079961295;0.000094680011;0.000066128888;;
2021;06;18;3;1;0.000070599660;0.000091489708;0.000050554154;;
2021;06;18;4;1;0.000066236372;0.000089796764;0.000030291161;;
2021;06;18;5;1;0.000064164654;0.000089739053;0.000025115673;;
2021;06;18;6;1;0.000064692310;0.000091983116;0.000029125130;;
2021;06;18;7;1;0.000068156991;0.000095540164;0.000036240483;;
2021;06;18;8;1;0.000078943531;0.000106861792;0.000058649999;;
2021;06;18;9;1;0.000093655930;0.000139302378;0.000118179424;;
2021;06;18;10;1;0.000102738222;0.000161440493;0.000188239330;;
2021;06;18;11;1;0.000109305576;0.000172054894;0.000267533959;;
2021;06;18;12;1;0.000111829962;0.000177272899;0.000318711103;;
2021;06;18;13;1;0.000116531875;0.000180672646;0.000268378691;;
2021;06;18;14;1;0.000125253725;0.000174673851;0.000258261524;;
2021;06;18;15;1;0.000126208115;0.000157340951;0.000243282627;;
2021;06;18;16;1;0.000116523442;0.000147290041;0.000221692199;;
2021;06;18;17;1;0.000111255087;0.000145320399;0.000258272083;;
2021;06;18;18;1;0.000111365526;0.000144513869;0.000218969449;;
2021;06;18;19;1;0.000111519019;0.000141713769;0.000193974452;;
2021;06;18;20;1;0.000111991499;0.000137332049;0.000207479594;;
2021;06;18;21;1;0.000114908161;0.000130870325;0.000200676490;;
2021;06;18;22;1;0.000125123115;0.000126595576;0.000203530475;;
2021;06;18;23;1;0.000131160173;0.000126863483;0.000195902250;;
2021;06;18;24;1;0.000115915410;0.000116556338;0.000134865885;;
2021;06;19;1;1;0.000098185994;0.000106173355;0.000108522659;;
2021;06;19;2;1;0.000083446784;0.000097568442;0.000051929153;;
2021;06;19;3;1;0.000073746321;0.000093243379;0.000051798507;;
2021;06;19;4;1;0.000068359323;0.000090959798;0.000041364865;;
2021;06;19;5;1;0.000065724697;0.000090511231;0.000037569171;;
2021;06;19;6;1;0.000065048325;0.000091096448;0.000034105652;;
2021;06;19;7;1;0.000064256432;0.000088643765;0.000027117461;;
2021;06;19;8;1;0.000066289510;0.000085496250;0.000025809608;;
2021;06;19;9;1;0.000080879767;0.000097333424;0.000048061186;;
2021;06;19;10;1;0.000099557405;0.000110617648;0.000086850650;;
2021;06;19;11;1;0.000112707799;0.000123074761;0.000109767969;;
2021;06;19;12;1;0.000116675354;0.000128202197;0.000157409420;;
2021;06;19;13;1;0.000119363940;0.000131312103;0.000157540066;;
2021;06;19;14;1;0.000127072577;0.000128430976;0.000177150920;;
2021;06;19;15;1;0.000127529771;0.000120784422;0.000161016093;;
2021;06;19;16;1;0.000113890570;0.000116943540;0.000154970224;;
2021;06;19;17;1;0.000105332440;0.000114181275;0.000174422635;;
2021;06;19;18;1;0.000103397158;0.000114088924;0.000130158532;;
2021;06;19;19;1;0.000103803760;0.000114371989;0.000143342697;;
2021;06;19;20;1;0.000104848544;0.000117234240;0.000152390653;;
2021;06;19;21;1;0.000108808864;0.000119117278;0.000136444847;;
2021;06;19;22;1;0.000119875292;0.000119919858;0.000180927156;;
2021;06;19;23;1;0.000126132300;0.000122555240;0.000167947300;;
2021;06;19;24;1;0.000113690110;0.000113891274;0.000123786047;;
2021;06;20;1;1;0.000097705542;0.000101869498;0.000100610622;;
2021;06;20;2;1;0.000084161032;0.000093655855;0.000069735138;;
2021;06;20;3;1;0.000074369445;0.000089269820;0.000046522205;;
2021;06;20;4;1;0.000068544837;0.000087582026;0.000039972725;;
2021;06;20;5;1;0.000065427160;0.000086839540;0.000038812226;;
2021;06;20;6;1;0.000064233452;0.000087043154;0.000037204128;;
2021;06;20;7;1;0.000062205679;0.000083831071;0.000024244488;;
2021;06;20;8;1;0.000061759555;0.000076030064;0.000029855787;;
2021;06;20;9;1;0.000073282812;0.000081351009;0.000059830143;;
2021;06;20;10;1;0.000091113632;0.000088635394;0.000051576227;;
2021;06;20;11;1;0.000106525687;0.000094966583;0.000069452053;;
2021;06;20;12;1;0.000114080987;0.000100041149;0.000112074805;;
2021;06;20;13;1;0.000117575293;0.000104019240;0.000131558730;;
2021;06;20;14;1;0.000124572372;0.000104974863;0.000178461838;;
2021;06;20;15;1;0.000124558884;0.000103127347;0.000155278547;;
2021;06;20;16;1;0.000110052380;0.000099594632;0.000156366422;;
2021;06;20;17;1;0.000101662918;0.000095678749;0.000113026325;;
2021;06;20;18;1;0.000100520429;0.000093113426;0.000096490334;;
2021;06;20;19;1;0.000103028482;0.000093026794;0.000122583022;;
2021;06;20;20;1;0.000106638353;0.000095093206;0.000144093002;;
2021;06;20;21;1;0.000113820297;0.000097720084;0.000153120583;;
2021;06;20;22;1;0.000127400602;0.000102994460;0.000163765155;;
2021;06;20;23;1;0.000132052342;0.000108520619;0.000161518264;;
2021;06;20;24;1;0.000113988495;0.000100742221;0.000114693708;;
2021;06;21;1;1;0.000093494770;0.000094305549;0.000071195455;;
2021;06;21;2;1;0.000078255349;0.000089281767;0.000042914206;;
2021;06;21;3;1;0.000069633264;0.000087037724;0.000027685030;;
2021;06;21;4;1;0.000065579450;0.000085667912;0.000016316221;;
2021;06;21;5;1;0.000063575065;0.000085567076;0.000026835870;;
2021;06;21;6;1;0.000063842019;0.000088129091;0.000018058204;;
2021;06;21;7;1;0.000066901484;0.000091446651;0.000031378275;;
2021;06;21;8;1;0.000076361574;0.000101858991;0.000042375200;;
2021;06;21;9;1;0.000090330770;0.000134004138;0.000092112799;;
2021;06;21;10;1;0.000099670357;0.000155202746;0.000177865931;;
2021;06;21;11;1;0.000106693530;0.000165271350;0.000265897040;;
2021;06;21;12;1;0.000109899073;0.000169511752;0.000263033383;;
2021;06;21;13;1;0.000114913500;0.000172453681;0.000240789603;;
2021;06;21;14;1;0.000124406333;0.000166179266;0.000250920806;;
2021;06;21;15;1;0.000125316716;0.000151038460;0.000255320178;;
2021;06;21;16;1;0.000114511036;0.000144201457;0.000229690296;;
2021;06;21;17;1;0.000109060540;0.000144130385;0.000258472911;;
2021;06;21;18;1;0.000109708282;0.000145556593;0.000257608695;;
2021;06;21;19;1;0.000111040021;0.000140495256;0.000229812250;;
2021;06;21;20;1;0.000113105388;0.000132831165;0.000228201255;;
2021;06;21;21;1;0.000120867721;0.000123419139;0.000222186370;;
2021;06;21;22;1;0.000134116756;0.000117387688;0.000256709850;;
2021;06;21;23;1;0.000136346525;0.000115312426;0.000170357488;;
2021;06;21;24;1;0.000115558417;0.000105250368;0.000118868872;;
2021;06;22;1;1;0.000093285235;0.000097435387;0.000088358499;;
2021;06;22;2;1;0.000077924107;0.000092398939;0.000064103818;;
2021;06;22;3;1;0.000069439115;0.000089489711;0.000049740723;;
2021;06;22;4;1;0.000065138125;0.000087966764;0.000032541323;;
2021;06;22;5;1;0.000063247593;0.000087901632;0.000031955383;;
2021;06;22;6;1;0.000063666665;0.000090091077;0.000027766668;;
2021;06;22;7;1;0.000067208469;0.000093617866;0.000026795667;;
2021;06;22;8;1;0.000077444073;0.000103899165;0.000053125400;;
2021;06;22;9;1;0.000091604423;0.000134761366;0.000104493502;;
2021;06;22;10;1;0.000100343343;0.000155651512;0.000178442991;;
2021;06;22;11;1;0.000106682122;0.000165988008;0.000256799812;;
2021;06;22;12;1;0.000109796560;0.000170969566;0.000235395001;;
2021;06;22;13;1;0.000114702390;0.000174248142;0.000236905506;;
2021;06;22;14;1;0.000123599270;0.000167875559;0.000241112482;;
2021;06;22;15;1;0.000123651410;0.000152447334;0.000242477936;;
2021;06;22;16;1;0.000113078840;0.000145528472;0.000268764884;;
2021;06;22;17;1;0.000108172163;0.000145358507;0.000265983365;;
2021;06;22;18;1;0.000108896191;0.000146008837;0.000250376386;;
2021;06;22;19;1;0.000110038771;0.000141641500;0.000259866736;;
2021;06;22;20;1;0.000111859572;0.000134682173;0.000240169134;;
2021;06;22;21;1;0.000119226866;0.000125741797;0.000254180561;;
2021;06;22;22;1;0.000131877036;0.000119740919;0.000220800765;;
2021;06;22;23;1;0.000134704670;0.000117491933;0.000174166620;;
2021;06;22;24;1;0.000114772470;0.000106716764;0.000124174407;;
2021;06;23;1;1;0.000093059378;0.000096157943;0.000086909594;;
2021;06;23;2;1;0.000077765005;0.000091202546;0.000063052642;;
2021;06;23;3;1;0.000069270906;0.000088315758;0.000048925073;;
2021;06;23;4;1;0.000065165338;0.000086917790;0.000032007709;;
2021;06;23;5;1;0.000063208776;0.000086814174;0.000031431378;;
2021;06;23;6;1;0.000063595283;0.000088955723;0.000027311350;;
2021;06;23;7;1;0.000066933649;0.000092321634;0.000026356271;;
2021;06;23;8;1;0.000076848561;0.000102302831;0.000052254248;;
2021;06;23;9;1;0.000090442081;0.000132405134;0.000102780015;;
2021;06;23;10;1;0.000098887789;0.000152810318;0.000175516878;;
2021;06;23;11;1;0.000105507765;0.000163203447;0.000252588802;;
2021;06;23;12;1;0.000108117594;0.000167792294;0.000231534988;;
2021;06;23;13;1;0.000113082895;0.000171096229;0.000233020723;;
2021;06;23;14;1;0.000122193736;0.000165033558;0.000237158713;;
2021;06;23;15;1;0.000121962982;0.000149719539;0.000238501776;;
2021;06;23;16;1;0.000111406462;0.000142854979;0.000264357671;;
2021;06;23;17;1;0.000106215429;0.000142485937;0.000261621763;;
2021;06;23;18;1;0.000106910441;0.000143114136;0.000246270708;;
2021;06;23;19;1;0.000108186095;0.000138917256;0.000255605434;;
2021;06;23;20;1;0.000109889786;0.000132048148;0.000236230834;;
2021;06;23;21;1;0.000116380321;0.000122949728;0.000250012502;;
2021;06;23;22;1;0.000128596990;0.000117030674;0.000217180068;;
2021;06;23;23;1;0.000131205335;0.000114773826;0.000171310631;;
2021;06;23;24;1;0.000112146447;0.000104389700;0.000122138192;;
2021;06;24;1;1;0.000089875103;0.000091699141;0.000082994479;;
2021;06;24;2;1;0.000075238469;0.000087040844;0.000060212238;;
2021;06;24;3;1;0.000066923699;0.000084232826;0.000046721090;;
2021;06;24;4;1;0.000062790825;0.000082804899;0.000030565822;;
2021;06;24;5;1;0.000060761417;0.000082621935;0.000030015453;;
2021;06;24;6;1;0.000061031837;0.000084600186;0.000026081025;;
2021;06;24;7;1;0.000063569784;0.000087412602;0.000025168970;;
2021;06;24;8;1;0.000072515184;0.000096597406;0.000049900292;;
2021;06;24;9;1;0.000085061753;0.000124850147;0.000098149967;;
2021;06;24;10;1;0.000093596290;0.000144480109;0.000167610170;;
2021;06;24;11;1;0.000100060564;0.000154436265;0.000241210148;;
2021;06;24;12;1;0.000102808592;0.000158958224;0.000221104769;;
2021;06;24;13;1;0.000107562042;0.000162108305;0.000222523574;;
2021;06;24;14;1;0.000116571073;0.000156557716;0.000226475156;;
2021;06;24;15;1;0.000117075766;0.000142404140;0.000227757716;;
2021;06;24;16;1;0.000107170294;0.000135997725;0.000252448851;;
2021;06;24;17;1;0.000102251690;0.000135688355;0.000249836191;;
2021;06;24;18;1;0.000102843155;0.000136243186;0.000235176672;;
2021;06;24;19;1;0.000104197649;0.000132316209;0.000244090886;;
2021;06;24;20;1;0.000106497399;0.000126104153;0.000225589076;;
2021;06;24;21;1;0.000113025800;0.000117519530;0.000238749905;;
2021;06;24;22;1;0.000125281282;0.000112011071;0.000207396511;;
2021;06;24;23;1;0.000129187689;0.000110355880;0.000163593407;;
2021;06;24;24;1;0.000110883765;0.000100550882;0.000116636094;;
2021;06;25;1;1;0.000092838917;0.000097360385;0.000102923575;;
2021;06;25;2;1;0.000077597046;0.000091271843;0.000063938367;;
2021;06;25;3;1;0.000068607066;0.000088248532;0.000048879546;;
2021;06;25;4;1;0.000064272241;0.000086561191;0.000029287765;;
2021;06;25;5;1;0.000062352007;0.000086558828;0.000024283716;;
2021;06;25;6;1;0.000062600182;0.000088564826;0.000028160359;;
2021;06;25;7;1;0.000065856123;0.000091932577;0.000035040016;;
2021;06;25;8;1;0.000075543284;0.000102404914;0.000056707216;;
2021;06;25;9;1;0.000089494013;0.000133411398;0.000114264727;;
2021;06;25;10;1;0.000098708150;0.000154971267;0.000182003896;;
2021;06;25;11;1;0.000105109392;0.000165222528;0.000258671889;;
2021;06;25;12;1;0.000107886390;0.000170467594;0.000308153788;;
2021;06;25;13;1;0.000112498750;0.000173786282;0.000259488638;;
2021;06;25;14;1;0.000121545846;0.000168383953;0.000249706604;;
2021;06;25;15;1;0.000122833787;0.000151865741;0.000235223883;;
2021;06;25;16;1;0.000113367489;0.000142142665;0.000214348639;;
2021;06;25;17;1;0.000108494737;0.000140380681;0.000249716813;;
2021;06;25;18;1;0.000108860786;0.000139742633;0.000211716080;;
2021;06;25;19;1;0.000109255432;0.000137164795;0.000187549042;;
2021;06;25;20;1;0.000109734773;0.000132933333;0.000200606827;;
2021;06;25;21;1;0.000112671125;0.000126716346;0.000194029075;;
2021;06;25;22;1;0.000122668938;0.000122569937;0.000196788522;;
2021;06;25;23;1;0.000128524469;0.000122806286;0.000189412982;;
2021;06;25;24;1;0.000113798820;0.000112917871;0.000130398448;;
2021;06;26;1;1;0.000097744200;0.000106322608;0.000108993294;;
2021;06;26;2;1;0.000083187996;0.000097764190;0.000052154356;;
2021;06;26;3;1;0.000073435703;0.000093386436;0.000052023143;;
2021;06;26;4;1;0.000067954206;0.000091032966;0.000041544254;;
2021;06;26;5;1;0.000065341127;0.000090587627;0.000037732099;;
2021;06;26;6;1;0.000064880644;0.000091300550;0.000034253560;;
2021;06;26;7;1;0.000063897611;0.000088728111;0.000027235063;;
2021;06;26;8;1;0.000065759614;0.000085491151;0.000025921537;;
2021;06;26;9;1;0.000080333455;0.000097380337;0.000048269615;;
2021;06;26;10;1;0.000098919977;0.000110687180;0.000087227299;;
2021;06;26;11;1;0.000112039070;0.000123175991;0.000110244005;;
2021;06;26;12;1;0.000116599220;0.000128596322;0.000158092064;;
2021;06;26;13;1;0.000119884578;0.000131995203;0.000158223277;;
2021;06;26;14;1;0.000127901831;0.000129217080;0.000177919178;;
2021;06;26;15;1;0.000128502581;0.000121580848;0.000161714379;;
2021;06;26;16;1;0.000115246173;0.000117926184;0.000155642290;;
2021;06;26;17;1;0.000106951428;0.000115307191;0.000175179061;;
2021;06;26;18;1;0.000104848640;0.000115149893;0.000130722997;;
2021;06;26;19;1;0.000105501762;0.000115547479;0.000143964338;;
2021;06;26;20;1;0.000105912051;0.000118131576;0.000153051532;;
2021;06;26;21;1;0.000109605535;0.000119886854;0.000137036573;;
2021;06;26;22;1;0.000120829291;0.000120727413;0.000181711791;;
2021;06;26;23;1;0.000127403403;0.000123492003;0.000168675645;;
2021;06;26;24;1;0.000114664661;0.000114688886;0.000124322875;;
2021;06;27;1;1;0.000099482896;0.000104307531;0.000102859432;;
2021;06;27;2;1;0.000085789252;0.000095943809;0.000071293831;;
2021;06;27;3;1;0.000075726553;0.000091408548;0.000047562051;;
2021;06;27;4;1;0.000069766101;0.000089664124;0.000040866180;;
2021;06;27;5;1;0.000066467509;0.000088832685;0.000039679742;;
2021;06;27;6;1;0.000065094146;0.000088947522;0.000038035701;;
2021;06;27;7;1;0.000063114556;0.000085708602;0.000024786391;;
2021;06;27;8;1;0.000062732774;0.000077770758;0.000030523112;;
2021;06;27;9;1;0.000074299921;0.000083148424;0.000061167443;;
2021;06;27;10;1;0.000092302738;0.000090562293;0.000052729039;;
2021;06;27;11;1;0.000108055827;0.000097084287;0.000071004419;;
2021;06;27;12;1;0.000115903163;0.000102340838;0.000114579859;;
2021;06;27;13;1;0.000119678104;0.000106495389;0.000134499280;;
2021;06;27;14;1;0.000126740939;0.000107452388;0.000182450750;;
2021;06;27;15;1;0.000127118434;0.000105699511;0.000158749275;;
2021;06;27;16;1;0.000113007989;0.000102345626;0.000159861465;;
2021;06;27;17;1;0.000105228959;0.000098653413;0.000115552647;;
2021;06;27;18;1;0.000103322954;0.000095725251;0.000098647049;;
2021;06;27;19;1;0.000105553233;0.000095503519;0.000125322952;;
2021;06;27;20;1;0.000108593198;0.000097374950;0.000147313714;;
2021;06;27;21;1;0.000115833521;0.000100038064;0.000156543077;;
2021;06;27;22;1;0.000129505270;0.000105386142;0.000167425572;;
2021;06;27;23;1;0.000134167496;0.000111016649;0.000165128459;;
2021;06;27;24;1;0.000116123964;0.000103176802;0.000117257298;;
2021;06;28;1;1;0.000094749133;0.000095813314;0.000072199415;;
2021;06;28;2;1;0.000079356709;0.000090734284;0.000043519359;;
2021;06;28;3;1;0.000070323502;0.000088298606;0.000028075430;;
2021;06;28;4;1;0.000066020986;0.000086792318;0.000016546304;;
2021;06;28;5;1;0.000064164566;0.000086783344;0.000027214295;;
2021;06;28;6;1;0.000064213103;0.000089252229;0.000018312851;;
2021;06;28;7;1;0.000067096785;0.000092498802;0.000031820754;;
2021;06;28;8;1;0.000076357931;0.000102900879;0.000042972752;;
2021;06;28;9;1;0.000090318369;0.000135369409;0.000093411725;;
2021;06;28;10;1;0.000100316944;0.000157225012;0.000180374102;;
2021;06;28;11;1;0.000107905518;0.000167768023;0.000269646579;;
2021;06;28;12;1;0.000111192109;0.000172101725;0.000266742540;;
2021;06;28;13;1;0.000116175900;0.000175031454;0.000244185089;;
2021;06;28;14;1;0.000126118691;0.000168859700;0.000254459157;;
2021;06;28;15;1;0.000127311658;0.000153613899;0.000258920567;;
2021;06;28;16;1;0.000116501287;0.000146749686;0.000232929266;;
2021;06;28;17;1;0.000111032495;0.000146720588;0.000262117758;;
2021;06;28;18;1;0.000111557322;0.000148096912;0.000261241356;;
2021;06;28;19;1;0.000112741878;0.000142855458;0.000233052940;;
2021;06;28;20;1;0.000114820270;0.000135052893;0.000231419227;;
2021;06;28;21;1;0.000122483112;0.000125388858;0.000225319524;;
2021;06;28;22;1;0.000135731298;0.000119194897;0.000260329835;;
2021;06;28;23;1;0.000138228934;0.000117175002;0.000172759779;;
2021;06;28;24;1;0.000117388401;0.000107041632;0.000120545098;;
2021;06;29;1;1;0.000095374239;0.000100212157;0.000090670865;;
2021;06;29;2;1;0.000079546623;0.000094969620;0.000065781433;;
2021;06;29;3;1;0.000070955878;0.000092018822;0.000051042451;;
2021;06;29;4;1;0.000066588774;0.000090468958;0.000033392938;;
2021;06;29;5;1;0.000064653391;0.000090400313;0.000032791664;;
2021;06;29;6;1;0.000065101613;0.000092663931;0.000028493330;;
2021;06;29;7;1;0.000068332696;0.000096058779;0.000027496917;;
2021;06;29;8;1;0.000078300000;0.000106354763;0.000054515706;;
2021;06;29;9;1;0.000092529179;0.000137890914;0.000107228126;;
2021;06;29;10;1;0.000101801431;0.000159563596;0.000183112892;;
2021;06;29;11;1;0.000108884000;0.000170593859;0.000263520333;;
2021;06;29;12;1;0.000112100102;0.000175738465;0.000241555353;;
2021;06;29;13;1;0.000116993335;0.000179033644;0.000243105388;;
2021;06;29;14;1;0.000126284345;0.000172611466;0.000247422461;;
2021;06;29;15;1;0.000126616152;0.000156894812;0.000248823650;;
2021;06;29;16;1;0.000116136835;0.000149963950;0.000275798535;;
2021;06;29;17;1;0.000111039749;0.000149755704;0.000272944222;;
2021;06;29;18;1;0.000111844509;0.000150461157;0.000256928805;;
2021;06;29;19;1;0.000113181295;0.000146049829;0.000266667519;;
2021;06;29;20;1;0.000115271632;0.000138985067;0.000246454426;;
2021;06;29;21;1;0.000122030128;0.000129384981;0.000260832536;;
2021;06;29;22;1;0.000134525164;0.000123034789;0.000226579181;;
2021;06;29;23;1;0.000137772433;0.000120859445;0.000178724608;;
2021;06;29;24;1;0.000117769149;0.000109927941;0.000127424086;;
2021;06;30;1;1;0.000097149412;0.000102708681;0.000092827949;;
2021;06;30;2;1;0.000081087534;0.000097366561;0.000067346391;;
2021;06;30;3;1;0.000072014607;0.000094165439;0.000052256765;;
2021;06;30;4;1;0.000067865112;0.000092744527;0.000034187365;;
2021;06;30;5;1;0.000065889358;0.000092672269;0.000033571786;;
2021;06;30;6;1;0.000066225895;0.000094919909;0.000029171194;;
2021;06;30;7;1;0.000069656922;0.000098483859;0.000028151076;;
2021;06;30;8;1;0.000080035700;0.000109166062;0.000055812650;;
2021;06;30;9;1;0.000094283294;0.000141347392;0.000109779111;;
2021;06;30;10;1;0.000103843975;0.000163638491;0.000187469197;;
2021;06;30;11;1;0.000111003332;0.000174906838;0.000269789553;;
2021;06;30;12;1;0.000114101616;0.000180060941;0.000247302020;;
2021;06;30;13;1;0.000119443514;0.000183672750;0.000248888930;;
2021;06;30;14;1;0.000129122801;0.000177197058;0.000253308708;;
2021;06;30;15;1;0.000129635173;0.000161155130;0.000254743231;;
2021;06;30;16;1;0.000118937292;0.000154053033;0.000282359856;;
2021;06;30;17;1;0.000113764755;0.000153866329;0.000279437639;;
2021;06;30;18;1;0.000114599846;0.000154597556;0.000263041210;;
2021;06;30;19;1;0.000115832291;0.000149989169;0.000273011611;;
2021;06;30;20;1;0.000117689331;0.000142588439;0.000252317643;;
2021;06;30;21;1;0.000124129379;0.000132531251;0.000267037812;;
2021;06;30;22;1;0.000136876711;0.000126041238;0.000231969561;;
2021;06;30;23;1;0.000140234655;0.000123831996;0.000182976514;;
2021;06;30;24;1;0.000119905884;0.000112644548;0.000130455539;;
